0 2
0 3
0 4
0 8
0 10
0 11
0 13
0 14
0 17
0 20
0 23
0 24
0 26
0 27
0 28
0 35
0 42
0 43
0 44
0 45
0 46
0 47
0 48
0 50
0 51
0 52
0 53
0 57
0 59
0 60
0 67
0 68
0 69
0 70
0 71
0 74
0 76
0 79
0 92
0 112
0 154
0 171
1 2
1 4
1 7
1 8
1 11
1 12
1 13
1 17
1 18
1 23
1 27
1 29
1 34
1 36
1 39
1 42
1 47
1 48
1 49
1 53
1 54
1 57
1 59
1 62
1 65
1 68
1 71
1 72
1 77
1 78
1 79
1 141
2 4
2 5
2 6
2 8
2 11
2 12
2 14
2 15
2 21
2 22
2 29
2 31
2 33
2 34
2 37
2 38
2 43
2 49
2 51
2 53
2 54
2 56
2 64
2 65
2 70
2 74
2 76
2 77
2 128
2 176
3 4
3 5
3 7
3 14
3 16
3 17
3 19
3 20
3 22
3 26
3 27
3 28
3 32
3 33
3 39
3 41
3 44
3 45
3 46
3 48
3 51
3 53
3 57
3 59
3 60
3 63
3 67
3 68
3 74
3 75
3 76
3 171
3 193
4 6
4 7
4 8
4 13
4 19
4 21
4 26
4 28
4 31
4 34
4 36
4 37
4 38
4 39
4 42
4 44
4 48
4 50
4 52
4 53
4 56
4 59
4 61
4 63
4 69
4 70
4 72
4 73
4 76
4 77
5 6
5 7
5 13
5 15
5 16
5 22
5 26
5 27
5 30
5 34
5 35
5 36
5 37
5 40
5 43
5 46
5 48
5 51
5 53
5 56
5 57
5 74
5 75
5 111
6 7
6 8
6 9
6 10
6 11
6 13
6 14
6 17
6 21
6 28
6 29
6 30
6 38
6 39
6 41
6 42
6 45
6 47
6 49
6 50
6 52
6 54
6 56
6 57
6 58
6 59
6 61
6 64
6 65
6 66
6 69
6 75
6 76
6 77
6 78
7 9
7 12
7 15
7 18
7 19
7 20
7 23
7 25
7 28
7 32
7 35
7 37
7 39
7 42
7 50
7 56
7 59
7 61
7 64
7 65
7 67
7 68
7 70
7 73
7 74
7 76
8 13
8 14
8 16
8 22
8 24
8 25
8 26
8 27
8 28
8 31
8 32
8 37
8 38
8 39
8 40
8 41
8 42
8 44
8 48
8 55
8 56
8 61
8 63
8 64
8 66
8 68
8 72
8 78
8 128
9 13
9 14
9 16
9 17
9 18
9 19
9 22
9 23
9 38
9 39
9 40
9 43
9 44
9 50
9 51
9 53
9 54
9 55
9 62
9 63
9 68
9 72
9 73
9 74
9 77
9 79
9 96
9 185
10 15
10 16
10 24
10 25
10 29
10 34
10 37
10 38
10 41
10 45
10 50
10 53
10 55
10 60
10 66
10 67
10 71
10 73
10 77
10 78
11 13
11 15
11 19
11 24
11 35
11 38
11 44
11 45
11 49
11 50
11 56
11 62
11 64
11 65
11 66
11 70
11 71
11 74
11 76
11 78
11 79
11 179
12 13
12 17
12 19
12 23
12 25
12 26
12 28
12 32
12 35
12 39
12 43
12 46
12 56
12 60
12 61
12 63
12 64
12 70
12 75
12 76
12 78
12 171
13 19
13 21
13 29
13 30
13 31
13 35
13 36
13 39
13 41
13 43
13 45
13 47
13 54
13 56
13 60
13 61
13 65
13 69
13 70
13 71
13 72
13 78
13 95
13 112
13 125
13 131
13 141
14 15
14 16
14 18
14 20
14 21
14 23
14 24
14 26
14 28
14 29
14 30
14 31
14 33
14 34
14 36
14 37
14 38
14 39
14 46
14 49
14 55
14 61
14 62
14 64
14 65
14 68
14 73
14 79
14 145
15 17
15 18
15 21
15 24
15 25
15 27
15 29
15 30
15 36
15 37
15 38
15 45
15 47
15 49
15 50
15 52
15 61
15 64
15 65
15 67
15 68
15 69
15 73
15 75
15 77
15 79
15 156
16 17
16 21
16 22
16 23
16 26
16 30
16 32
16 34
16 38
16 39
16 41
16 42
16 43
16 44
16 45
16 46
16 47
16 49
16 50
16 55
16 57
16 58
16 65
16 66
16 67
16 72
16 74
16 77
16 78
16 79
17 18
17 19
17 21
17 24
17 28
17 29
17 30
17 34
17 46
17 47
17 49
17 50
17 51
17 53
17 55
17 57
17 69
17 71
17 72
17 73
17 75
17 78
17 79
18 22
18 23
18 24
18 26
18 30
18 31
18 33
18 38
18 40
18 41
18 44
18 47
18 48
18 58
18 59
18 60
18 61
18 64
18 65
18 66
18 68
18 72
18 73
18 75
18 76
18 77
18 172
18 193
19 21
19 25
19 27
19 31
19 35
19 39
19 40
19 45
19 46
19 50
19 53
19 55
19 57
19 60
19 62
19 63
19 64
19 66
19 68
19 69
19 74
19 75
19 78
20 22
20 23
20 24
20 29
20 30
20 31
20 32
20 36
20 39
20 41
20 42
20 45
20 48
20 50
20 55
20 59
20 60
20 62
20 67
20 68
20 71
20 77
21 22
21 23
21 24
21 25
21 30
21 32
21 33
21 36
21 37
21 38
21 42
21 50
21 54
21 55
21 57
21 61
21 62
21 64
21 66
21 69
21 71
21 75
21 78
21 79
21 128
22 24
22 25
22 30
22 34
22 36
22 37
22 40
22 42
22 43
22 46
22 49
22 54
22 57
22 58
22 59
22 68
22 69
22 70
22 72
22 74
22 78
22 79
23 29
23 34
23 38
23 42
23 43
23 44
23 45
23 46
23 48
23 52
23 55
23 56
23 59
23 61
23 68
23 69
23 78
24 28
24 29
24 30
24 33
24 35
24 40
24 41
24 43
24 45
24 46
24 47
24 48
24 49
24 51
24 53
24 54
24 56
24 61
24 62
24 66
24 67
24 68
24 79
24 92
24 111
24 196
25 28
25 30
25 33
25 36
25 38
25 40
25 43
25 46
25 47
25 48
25 53
25 55
25 58
25 59
25 63
25 65
25 72
25 129
26 27
26 31
26 33
26 35
26 36
26 37
26 38
26 45
26 46
26 47
26 48
26 51
26 52
26 54
26 55
26 61
26 62
26 64
26 66
26 67
26 68
26 70
26 71
26 74
26 75
26 77
26 191
27 30
27 31
27 33
27 35
27 37
27 41
27 44
27 48
27 51
27 53
27 60
27 62
27 65
27 71
27 73
27 76
27 118
27 151
27 181
27 191
28 31
28 33
28 35
28 42
28 43
28 44
28 46
28 47
28 52
28 57
28 59
28 60
28 61
28 62
28 63
28 64
28 67
28 69
28 72
28 73
28 74
28 79
28 188
29 30
29 32
29 34
29 35
29 36
29 44
29 45
29 48
29 51
29 53
29 57
29 58
29 60
29 61
29 63
29 69
29 73
29 77
29 78
29 79
29 97
29 106
29 179
30 33
30 35
30 43
30 46
30 51
30 52
30 56
30 57
30 58
30 59
30 64
30 65
30 66
30 69
30 74
30 75
30 76
30 77
30 91
30 168
30 181
31 32
31 35
31 36
31 38
31 40
31 43
31 46
31 47
31 48
31 50
31 51
31 52
31 63
31 65
31 66
31 70
31 77
31 78
31 79
31 150
31 183
31 191
32 36
32 38
32 39
32 43
32 49
32 51
32 54
32 57
32 59
32 63
32 65
32 66
32 69
32 74
32 77
32 78
32 79
32 120
33 37
33 38
33 39
33 44
33 49
33 51
33 57
33 58
33 65
33 67
33 69
33 75
33 77
33 79
33 90
34 36
34 41
34 42
34 43
34 44
34 47
34 48
34 49
34 53
34 59
34 60
34 62
34 63
34 64
34 70
34 72
34 73
34 77
34 78
34 108
34 148
34 152
34 174
35 38
35 40
35 45
35 46
35 47
35 48
35 50
35 52
35 54
35 59
35 62
35 65
35 67
35 68
35 71
35 76
35 104
35 156
36 37
36 38
36 42
36 43
36 44
36 45
36 46
36 47
36 48
36 49
36 53
36 54
36 55
36 57
36 58
36 59
36 60
36 61
36 66
36 67
36 68
36 69
36 71
36 75
36 76
36 77
36 176
37 38
37 39
37 40
37 42
37 45
37 46
37 50
37 51
37 53
37 54
37 57
37 61
37 62
37 64
37 65
37 75
37 162
38 41
38 45
38 54
38 58
38 61
38 63
38 66
38 70
38 71
38 77
38 175
38 199
39 41
39 42
39 43
39 46
39 48
39 49
39 51
39 56
39 57
39 59
39 63
39 65
39 66
39 67
39 70
39 72
39 75
39 77
39 79
39 112
39 188
40 42
40 45
40 46
40 48
40 49
40 51
40 58
40 63
40 65
40 66
40 67
40 68
40 69
40 73
40 74
40 75
40 140
40 196
41 44
41 45
41 47
41 48
41 49
41 50
41 59
41 60
41 62
41 63
41 65
41 70
41 71
41 74
41 76
42 43
42 46
42 49
42 54
42 57
42 60
42 61
42 62
42 63
42 64
42 65
42 66
42 68
42 70
42 71
42 75
42 165
42 171
42 172
42 194
43 45
43 47
43 54
43 59
43 61
43 63
43 65
43 66
43 72
43 73
43 75
43 77
43 78
43 198
44 45
44 49
44 51
44 52
44 55
44 58
44 60
44 62
44 64
44 66
44 68
44 69
44 71
44 72
44 73
44 75
44 78
45 46
45 47
45 49
45 54
45 55
45 56
45 58
45 59
45 61
45 64
45 66
45 68
45 73
45 77
45 78
46 48
46 50
46 51
46 52
46 53
46 61
46 65
46 66
46 70
46 77
46 110
46 143
47 48
47 53
47 54
47 55
47 56
47 57
47 64
47 67
47 68
47 70
47 73
47 77
48 50
48 51
48 55
48 58
48 61
48 66
48 67
48 69
48 72
48 74
48 75
48 78
48 109
48 139
48 187
49 50
49 53
49 54
49 55
49 58
49 60
49 62
49 64
49 65
49 72
49 75
49 76
49 77
49 111
49 138
49 158
50 51
50 55
50 57
50 59
50 61
50 62
50 64
50 70
50 73
50 74
50 76
50 77
51 53
51 57
51 59
51 61
51 64
51 69
51 71
51 72
51 73
51 75
51 79
52 53
52 54
52 58
52 59
52 60
52 61
52 64
52 65
52 70
52 71
52 72
52 73
52 74
52 78
52 130
53 54
53 55
53 56
53 57
53 60
53 62
53 66
53 69
53 70
53 73
53 75
53 79
53 83
53 97
53 174
54 56
54 57
54 60
54 63
54 64
54 66
54 69
54 70
54 72
54 73
54 74
54 75
54 77
54 79
54 101
55 56
55 59
55 60
55 61
55 62
55 70
55 75
55 76
55 77
55 78
56 58
56 64
56 66
56 69
56 71
56 74
56 77
56 106
57 60
57 65
57 69
57 71
57 72
57 73
57 75
57 77
57 78
57 157
57 189
58 61
58 62
58 69
58 71
58 72
58 73
58 74
58 75
59 60
59 65
59 67
59 68
59 70
59 74
59 77
59 144
60 62
60 65
60 67
60 69
60 71
60 76
60 77
60 78
60 79
60 87
60 99
60 145
60 162
60 198
61 62
61 63
61 64
61 69
61 71
61 76
61 77
61 79
61 128
61 116
62 63
62 65
62 66
62 67
62 71
62 75
62 77
62 79
63 64
63 65
63 66
63 70
63 71
63 72
63 73
63 76
63 77
63 79
63 140
64 67
64 68
64 69
64 70
64 71
64 73
64 74
64 77
64 79
64 91
64 144
65 67
65 69
65 71
65 72
65 73
65 76
65 77
65 154
66 77
66 86
67 73
67 75
67 79
68 75
68 78
68 79
68 155
69 70
69 71
69 72
69 117
70 71
70 77
70 78
70 123
70 127
71 72
71 74
71 77
71 78
71 79
71 93
72 75
72 77
72 78
72 87
72 126
73 76
73 78
73 79
74 77
74 79
74 137
74 182
75 79
75 107
76 79
76 177
77 78
77 96
79 173
128 129
128 80
128 83
128 85
128 86
128 87
128 89
128 91
128 92
128 93
128 99
128 103
128 104
128 105
128 107
128 108
128 113
128 118
128 120
128 121
128 123
128 127
128 187
129 84
129 85
129 86
129 87
129 88
129 89
129 91
129 94
129 96
129 97
129 98
129 100
129 102
129 103
129 106
129 109
129 111
129 112
129 116
129 118
129 121
129 122
129 124
129 126
129 134
80 81
80 85
80 88
80 91
80 94
80 97
80 99
80 101
80 103
80 104
80 105
80 106
80 107
80 108
80 110
80 112
80 113
80 115
80 117
80 118
80 123
80 124
80 127
81 82
81 83
81 85
81 87
81 88
81 89
81 90
81 92
81 94
81 96
81 99
81 100
81 104
81 106
81 109
81 110
81 115
81 117
81 119
81 124
81 125
81 126
81 127
81 151
82 86
82 88
82 90
82 91
82 92
82 100
82 103
82 105
82 106
82 108
82 112
82 114
82 118
82 120
82 122
82 123
82 126
83 88
83 91
83 94
83 95
83 98
83 100
83 103
83 104
83 105
83 112
83 114
83 115
83 118
83 121
83 122
83 123
83 126
84 85
84 87
84 91
84 100
84 103
84 109
84 112
84 113
84 117
84 121
84 125
85 87
85 93
85 95
85 96
85 103
85 104
85 105
85 112
85 116
85 117
85 119
85 121
85 122
85 123
85 126
85 159
86 87
86 89
86 95
86 98
86 101
86 104
86 106
86 107
86 120
86 121
86 123
86 124
86 126
87 89
87 91
87 92
87 94
87 95
87 96
87 97
87 103
87 105
87 106
87 107
87 108
87 112
87 113
87 114
87 115
87 116
87 117
87 123
87 191
88 92
88 95
88 97
88 100
88 103
88 105
88 108
88 111
88 112
88 117
88 125
88 127
89 90
89 91
89 95
89 96
89 97
89 100
89 108
89 110
89 112
89 113
89 116
89 120
89 121
89 125
89 171
89 185
90 93
90 97
90 98
90 102
90 105
90 109
90 110
90 112
90 113
90 121
90 122
90 123
90 126
90 127
91 93
91 96
91 99
91 102
91 103
91 105
91 106
91 107
91 111
91 115
91 116
91 118
91 122
91 124
91 126
91 127
92 93
92 95
92 105
92 106
92 109
92 112
92 118
92 121
92 127
92 191
93 94
93 96
93 97
93 98
93 99
93 101
93 104
93 106
93 111
93 113
93 115
93 119
93 122
94 95
94 96
94 97
94 99
94 100
94 101
94 103
94 104
94 109
94 110
94 112
94 113
94 115
94 117
94 119
94 120
94 121
94 125
95 96
95 97
95 101
95 106
95 108
95 110
95 113
95 114
95 115
95 116
95 120
95 121
95 124
95 127
95 155
96 98
96 105
96 106
96 108
96 111
96 116
96 117
96 119
96 121
96 124
96 131
96 157
97 98
97 99
97 102
97 103
97 104
97 106
97 109
97 110
97 116
97 118
97 119
97 120
97 185
98 99
98 100
98 102
98 106
98 108
98 109
98 110
98 113
98 114
98 115
98 116
98 117
98 127
99 102
99 103
99 106
99 107
99 108
99 109
99 110
99 111
99 114
99 115
99 119
99 120
99 121
99 124
99 126
100 101
100 104
100 106
100 107
100 108
100 124
100 125
100 126
100 140
101 104
101 105
101 108
101 110
101 111
101 114
101 117
101 119
101 124
101 127
101 133
101 177
102 103
102 104
102 106
102 107
102 114
102 124
102 125
102 127
102 135
103 108
103 110
103 115
103 116
103 118
103 120
103 122
103 125
103 127
103 157
104 106
104 108
104 109
104 110
104 112
104 113
104 114
104 115
104 117
104 118
104 120
104 122
105 107
105 110
105 112
105 117
105 118
105 121
105 122
105 123
105 126
106 108
106 110
106 115
106 116
106 118
106 119
106 121
106 125
106 126
106 127
106 132
107 108
107 109
107 110
107 112
107 115
107 119
107 120
107 125
107 126
107 127
107 157
108 109
108 112
108 113
108 115
108 116
108 117
108 120
108 121
108 122
108 124
108 126
109 111
109 115
109 119
109 126
109 127
109 147
110 114
110 115
110 116
110 117
110 120
110 122
110 126
110 167
111 112
111 113
111 114
111 115
111 118
111 119
111 121
111 122
111 123
111 125
112 115
112 120
112 121
112 124
112 126
112 127
112 136
112 188
113 114
113 116
113 117
113 118
113 121
113 122
113 124
113 125
114 117
114 120
114 122
114 124
114 169
115 116
115 118
115 122
115 184
116 118
116 119
116 121
116 124
116 126
116 134
116 182
117 119
117 120
117 122
117 123
117 124
117 125
117 127
118 119
118 123
118 124
118 125
118 126
118 184
119 123
119 127
119 195
120 121
120 127
120 193
121 123
121 124
121 154
121 188
122 123
122 125
122 126
122 127
123 125
123 139
123 184
124 126
124 127
125 126
125 127
126 127
130 133
130 135
130 139
130 142
130 143
130 144
130 145
130 148
130 151
130 153
130 155
130 158
130 160
130 164
130 165
130 167
130 168
131 133
131 134
131 136
131 137
131 143
131 146
131 149
131 155
131 156
131 157
131 159
131 162
131 166
131 167
131 168
131 169
132 133
132 135
132 137
132 138
132 143
132 149
132 152
132 153
132 155
132 160
132 163
132 165
132 166
132 167
132 169
133 135
133 136
133 138
133 142
133 143
133 144
133 145
133 146
133 148
133 149
133 150
133 153
133 154
133 158
133 161
133 162
133 164
133 166
133 169
134 135
134 137
134 138
134 143
134 144
134 146
134 147
134 150
134 151
134 156
134 158
134 160
134 161
134 163
134 165
134 168
135 136
135 139
135 140
135 141
135 144
135 146
135 147
135 148
135 152
135 155
135 156
135 158
135 159
135 162
135 166
135 167
135 169
136 137
136 138
136 139
136 140
136 142
136 150
136 152
136 153
136 156
136 157
136 161
136 162
136 163
136 166
136 168
136 169
137 141
137 144
137 147
137 150
137 153
137 154
137 165
137 167
137 168
138 140
138 142
138 143
138 145
138 151
138 154
138 155
138 156
138 158
138 159
138 164
138 169
139 141
139 143
139 145
139 146
139 156
139 159
139 164
139 165
139 166
139 167
140 143
140 145
140 149
140 153
140 156
140 159
140 161
140 166
140 167
140 169
140 198
141 143
141 147
141 148
141 153
141 155
141 158
141 162
141 163
141 164
141 166
142 143
142 145
142 149
142 151
142 156
142 157
142 159
142 163
142 165
142 167
142 171
143 147
143 151
143 152
143 153
143 154
143 155
143 158
143 159
143 161
143 166
143 193
144 149
144 151
144 154
144 155
144 160
144 164
144 165
144 167
145 148
145 151
145 152
145 153
145 155
145 157
145 158
145 160
145 163
145 164
145 165
145 166
145 186
146 152
146 157
146 159
146 161
146 165
146 167
146 168
147 151
147 156
147 157
147 160
147 163
147 164
147 165
147 176
147 181
148 149
148 152
148 157
148 162
148 167
149 151
149 153
149 156
149 158
149 160
149 161
149 162
149 163
149 165
149 166
149 167
149 168
150 152
150 153
150 154
150 155
150 157
150 158
150 159
150 161
150 163
150 166
150 167
150 169
150 199
151 157
151 165
152 156
152 157
152 161
152 167
152 169
153 155
153 158
153 159
153 162
154 156
154 157
154 164
154 166
155 160
155 162
155 163
155 166
155 169
156 161
156 162
156 163
156 165
156 167
156 169
157 160
157 164
157 165
157 166
157 169
157 196
158 159
158 160
158 162
158 165
158 168
159 160
159 161
159 162
159 163
159 167
159 168
160 162
160 165
160 166
160 167
160 175
161 164
162 164
162 168
162 169
162 181
163 167
163 184
164 166
165 166
165 169
165 192
168 169
168 193
169 180
170 173
170 174
170 179
170 181
170 182
170 186
170 187
171 172
171 173
171 174
171 176
171 177
171 178
171 180
171 183
171 188
171 189
171 192
172 173
172 175
172 179
172 182
172 184
172 187
172 188
172 189
173 174
173 178
173 181
173 183
173 189
174 181
174 182
174 183
174 185
175 176
175 177
175 179
175 183
175 184
175 185
175 187
175 188
175 189
175 198
176 177
176 178
176 185
176 187
177 182
177 187
178 180
178 181
178 182
178 184
178 185
178 186
178 188
179 183
179 185
179 187
180 182
180 183
180 185
180 188
181 184
182 189
183 189
184 189
185 188
185 190
186 189
187 188
187 189
188 189
192 195
192 196
192 190
193 194
193 199
193 190
194 195
194 196
195 196
195 199
195 190
196 199
196 191
197 198
197 199
197 190
198 190
199 191
